35.950118722552105
48.15891217303745
100.0
11.956740015112409
16.220109380955044
11.507282898071235
65.1939563877691
92.30441043683183
24.481469520658777
59.9146454710798
13.862943611198906
5.341908776867851
27.003106290080343
48.15891217303745
92.1034037197618
36.6516292749662
36.403178874995056
1.0258658877510116
33.214624136433024
1.0258658877510116
60.94051135883081
24.647445576952677
60.94051135883081
0.0
65.1939563877691
59.9146454710798
25.819683626311317
70.74034209609378
32.16876824202034
1.0258658877510116
46.25270857695095
0.201006717070029
2.785241346670153
60.94051135883081
25.501214520833315
31.993712419828444
0.6091841496941715