29.927911021367102
2.107210313156526
100.0
11.956740015112409
16.019102663885015
11.507282898071235
0.8164398904051033
0.201006717070029
1.8686388958510491
60.94051135883081
27.725887222397812
7.670002290593094
4.214420626313052
48.15891217303745
92.30441043683183
32.18875824868201
32.18875824868201
59.9146454710798
1.8862135894248258
60.94051135883081
60.94051135883081
14.430933101632863
60.94051135883081
59.9146454710798
65.1939563877691
1.0258658877510116
26.845549514062327
0.6091841496941715
1.8862135894248258
1.0258658877510116
2.107210313156526
8.210558049012537
18.755395271025588
60.94051135883081
22.484756726141644
28.743333829872945
70.74034209609378